0 0 0 0 0 0 0 0 0 0 0 0 0 0 0 0 0 0 0 0 0 0 0 0 0 0 0 0 0 0 0 0 0 0 0 0 0 0 0 0 0 0 0 0 0 0 0 0 0 0 0 0 0 0 0 0 0 0 0 0 0 0 0 0 0 0 0 0 0 0 0 0 0 0 0 0 0 0 0 0 0 0 0 0 0 0 0 0 0 0 0 0 0 0 0 0 0 0 0 0
210 255 255 255 255 255 255 255 255 210 255 0 0 0 0 0 0 0 0 255 255 0 0 0 0 0 0 0 0 255 255 0 0 0 0 0 0 0 0 255 255 0 0 0 0 0 0 0 0 255 255 0 0 0 0 0 0 0 0 255 255 0 0 0 0 0 0 0 0 255 255 0 0 0 0 0 0 0 0 255 255 0 0 0 0 0 0 0 0 255 210 255 255 255 255 255 255 255 255 210
0 0 0 0 0 0 0 0 0 0 0 67 255 255 255 255 255 255 67 0 0 255 0 0 0 0 0 0 255 0 0 255 0 0 0 0 0 0 255 0 0 255 0 0 0 0 0 0 255 0 0 255 0 0 0 0 0 0 255 0 0 255 0 0 0 0 0 0 255 0 0 255 0 0 0 0 0 0 255 0 0 89 255 255 255 255 255 255 89 0 0 0 0 0 0 0 0 0 0 0
64 0 0 0 0 0 0 0 0 64 255 255 255 255 255 255 207 0 0 64 0 0 0 0 0 255 255 0 0 64 0 0 0 0 0 255 255 0 0 64 0 0 0 0 0 255 255 0 0 64 0 0 0 0 0 255 255 0 0 64 0 0 0 0 0 255 255 0 0 64 0 0 0 0 0 255 255 0 0 64 0 0 0 0 0 255 255 0 0 64 0 0 0 0 0 255 255 0 0 64
255 255 255 255 255 255 255 255 255 255 255 0 0 242 242 242 242 0 0 255 255 0 191 0 0 0 0 191 0 255 255 0 191 0 0 0 0 191 0 255 255 0 191 0 0 0 0 191 0 255 255 0 191 0 0 0 0 191 0 255 255 0 191 0 0 0 0 191 0 255 255 0 191 0 0 0 0 191 0 255 255 0 242 255 255 255 255 242 0 255 255 255 255 255 255 255 255 255 255 255
255 255 255 255 255 255 255 255 255 255 255 249 242 242 242 0 0 0 140 255 0 0 0 0 0 255 255 0 140 255 0 0 0 0 0 255 255 0 140 255 0 0 0 0 0 255 255 0 140 255 0 0 0 0 0 255 255 0 140 255 0 0 0 0 0 255 255 0 140 255 0 0 0 0 0 255 255 0 140 255 0 0 0 0 0 255 255 0 140 255 0 0 0 0 0 255 255 255 255 255
0 0 0 0 0 0 0 0 0 0 255 255 255 255 255 255 255 255 67 0 0 0 0 0 0 0 0 0 255 0 0 0 0 0 0 0 0 0 255 0 191 191 191 191 191 191 191 191 0 0 191 191 191 191 191 191 191 191 0 0 0 0 0 0 0 0 0 0 255 0 0 0 0 0 0 0 0 0 255 0 255 255 255 255 255 255 255 255 89 0 0 0 0 0 0 0 0 0 0 0
0 0 0 0 0 0 0 0 0 0 255 255 255 255 255 255 255 255 67 0 0 0 0 0 0 0 0 0 255 0 0 0 0 0 0 0 0 0 255 0 191 191 191 191 191 191 191 191 0 0 0 0 191 191 191 191 191 191 191 191 0 255 0 0 0 0 0 0 0 0 0 255 0 0 0 0 0 0 0 0 0 89 255 255 255 255 255 255 255 255 0 0 0 0 0 0 0 0 0 0
255 255 255 255 255 255 255 255 255 255 255 242 242 242 242 242 242 61 0 255 0 0 0 0 0 0 0 191 0 255 0 0 0 0 0 0 0 191 0 255 255 255 255 255 255 255 255 92 0 255 255 255 255 255 255 255 255 92 0 255 0 0 0 0 0 0 0 191 0 255 0 0 0 0 0 0 0 191 0 255 255 255 255 255 255 255 255 245 0 255 255 255 255 255 255 255 255 255 255 255
255 255 255 255 255 255 255 255 255 255 255 242 242 242 242 242 242 61 0 255 0 0 0 0 0 0 0 191 0 255 0 0 0 0 0 0 0 191 0 255 255 255 255 255 255 255 255 92 0 255 255 0 92 255 255 255 255 255 255 255 255 0 191 0 0 0 0 0 0 0 255 0 191 0 0 0 0 0 0 0 255 0 245 255 255 255 255 255 255 255 255 255 255 255 255 255 255 255 255 255
0 255 0 0 0 0 0 0 255 0 0 255 0 0 0 0 0 0 255 0 0 255 0 0 0 0 0 0 255 0 0 255 0 0 0 0 0 0 255 0 0 255 0 0 0 0 0 0 255 0 0 255 0 0 0 0 0 0 255 0 0 0 255 255 255 255 255 255 0 0 0 0 0 0 0 0 0 0 0 0 0 0 0 0 0 0 0 0 255 0 0 0 0 0 0 0 0 0 255 0
255 255 191 0 0 0 0 191 255 255 255 0 191 0 0 0 0 191 0 255 255 0 191 0 0 0 0 191 0 255 255 0 191 0 0 0 0 191 0 255 255 0 191 0 0 0 0 191 0 255 255 0 191 0 0 0 0 191 0 255 255 0 169 255 255 255 255 169 0 255 255 191 191 191 191 191 191 48 0 255 0 0 0 0 0 0 0 191 0 255 0 0 0 0 0 0 0 191 255 255
0 0 0 0 0 0 0 0 0 0 0 67 255 255 255 255 255 255 255 255 0 255 0 0 0 0 0 0 0 0 0 255 0 0 0 0 0 0 0 0 0 0 191 191 191 191 191 191 191 191 191 191 191 191 191 191 191 191 0 0 0 0 0 0 0 0 0 0 255 0 0 0 0 0 0 0 0 0 255 0 255 255 255 255 255 255 255 255 89 0 0 0 0 0 0 0 0 0 0 0
255 255 255 255 255 255 255 255 255 255 255 0 61 242 242 242 242 242 242 255 255 0 191 0 0 0 0 0 0 0 255 0 191 0 0 0 0 0 0 0 255 0 92 255 255 255 255 255 255 255 255 255 255 255 255 255 255 92 0 255 0 0 0 0 0 0 0 191 0 255 0 0 0 0 0 0 0 191 0 255 255 255 255 255 255 255 255 245 0 255 255 255 255 255 255 255 255 255 255 255
0 0 0 0 0 0 0 255 0 0 0 67 255 255 255 255 255 255 0 0 0 255 0 0 0 0 0 0 0 0 0 255 0 0 0 0 0 0 0 0 0 0 255 255 255 255 255 255 255 255 0 0 191 191 191 191 191 191 0 0 0 255 0 0 0 0 0 0 255 0 0 255 0 0 0 0 0 0 255 0 0 89 255 255 255 255 255 255 89 0 0 0 0 0 0 0 0 0 0 0
255 255 255 255 255 255 255 64 0 0 255 0 61 242 242 242 242 64 0 0 255 0 191 0 0 0 0 0 0 0 255 0 191 0 0 0 0 0 0 0 255 0 255 255 255 255 255 255 255 255 255 0 92 255 255 255 255 92 0 255 255 0 191 0 0 0 0 191 0 255 255 0 191 0 0 0 0 191 0 255 255 0 245 255 255 255 255 245 0 255 255 255 255 255 255 255 255 255 255 255
255 255 255 255 255 255 255 255 255 255 255 242 242 242 242 242 242 61 0 255 0 0 0 0 0 0 0 191 0 255 0 0 0 0 0 0 0 191 255 255 0 0 0 0 0 255 255 64 0 0 0 0 0 0 0 255 255 64 0 0 0 0 64 255 255 0 0 0 0 0 0 0 64 0 255 0 0 0 0 0 0 0 64 0 255 0 0 0 0 0 0 0 64 255 255 0 0 0 0 0
0 0 0 0 0 0 0 0 0 0 0 67 255 255 255 255 255 255 67 0 0 255 0 0 0 0 0 0 255 0 0 255 0 0 0 0 0 0 255 0 0 0 191 191 191 191 191 191 0 0 0 0 191 191 191 191 191 191 0 0 0 255 0 0 0 0 0 0 255 0 0 255 0 0 0 0 0 0 255 0 0 89 255 255 255 255 255 255 89 0 0 0 0 0 0 0 0 0 0 0
255 255 255 255 255 255 255 255 255 255 255 0 61 242 242 242 242 61 0 255 255 0 191 0 0 0 0 191 0 255 255 0 191 0 0 0 0 191 0 255 255 0 92 255 255 255 255 92 0 255 255 0 92 255 255 255 255 92 0 255 255 0 191 0 0 0 0 191 0 255 255 0 191 0 0 0 0 191 0 255 255 0 245 255 255 255 255 245 0 255 255 255 255 255 255 255 255 255 255 255
0 0 0 0 0 0 0 0 0 0 0 0 255 255 255 255 255 255 96 0 0 127 0 0 0 0 0 0 255 0 0 32 0 0 0 0 0 0 255 0 0 0 96 191 191 191 191 191 0 0 191 191 191 191 191 191 191 191 0 0 0 0 0 0 0 0 0 0 255 0 0 0 0 0 0 0 0 0 255 0 0 0 255 255 255 255 255 255 127 0 0 0 255 0 0 0 0 0 0 0
255 255 255 255 255 255 255 255 255 255 255 0 61 242 242 242 242 61 0 255 255 0 191 0 0 0 0 191 0 255 255 0 191 0 0 0 0 191 0 255 255 0 38 255 255 255 255 92 0 255 255 255 255 255 255 255 255 92 0 255 0 0 0 0 0 0 0 191 0 255 0 0 0 0 0 0 0 191 0 255 0 0 64 255 255 255 255 245 0 255 0 0 64 255 255 255 255 255 255 255
